../../../../../.git/annex/objects/Kj/9f/MD5E-s254263--73c27f90b47557e59788036b01b1399c.csv/MD5E-s254263--73c27f90b47557e59788036b01b1399c.csv