../../../../../.git/annex/objects/14/68/MD5E-s275--0181922db996fa336604426956e24d26.csv/MD5E-s275--0181922db996fa336604426956e24d26.csv