../../../../../.git/annex/objects/77/vj/MD5E-s254284--04fbb19f0a06acab4695e6f291225e2d.csv/MD5E-s254284--04fbb19f0a06acab4695e6f291225e2d.csv