../../../../../.git/annex/objects/Jg/gM/MD5E-s255017--f6a6adb1541de21efe72eb26f29e6fc9.csv/MD5E-s255017--f6a6adb1541de21efe72eb26f29e6fc9.csv