../../../../../.git/annex/objects/3g/p3/MD5E-s275--92cb59a065f42e5f0e0e9bff6e253589.csv/MD5E-s275--92cb59a065f42e5f0e0e9bff6e253589.csv