../../../../../.git/annex/objects/7J/g4/MD5E-s254385--ac5f66bf00431d41cb400d0c7893de80.csv/MD5E-s254385--ac5f66bf00431d41cb400d0c7893de80.csv