../../../../../.git/annex/objects/Qv/F7/MD5E-s275--b6f43f5598f22d6a1b8e1b75737c7989.csv/MD5E-s275--b6f43f5598f22d6a1b8e1b75737c7989.csv