../../../../../.git/annex/objects/Q0/P9/MD5E-s275--4488422f2511d275e76475c05aa5b97f.csv/MD5E-s275--4488422f2511d275e76475c05aa5b97f.csv