../../../../../.git/annex/objects/Ww/zz/MD5E-s275--86bae4684b7c06d77468961ee68a8451.csv/MD5E-s275--86bae4684b7c06d77468961ee68a8451.csv