../../../../../.git/annex/objects/p3/F7/MD5E-s253053--c5d9f6eeafae16b12013f2dbbd4ecde0.csv/MD5E-s253053--c5d9f6eeafae16b12013f2dbbd4ecde0.csv