../../../../../.git/annex/objects/VW/ww/MD5E-s254162--e373bba778d03a8687200faf20e57d3d.csv/MD5E-s254162--e373bba778d03a8687200faf20e57d3d.csv