../../../../../.git/annex/objects/vk/xJ/MD5E-s275--e3aded6fe0416e03267849cfe45732ac.csv/MD5E-s275--e3aded6fe0416e03267849cfe45732ac.csv