../../../../../.git/annex/objects/03/4X/MD5E-s275--b95f4115c6ac4a4706e5f7fbb7745fa5.csv/MD5E-s275--b95f4115c6ac4a4706e5f7fbb7745fa5.csv