../../../../../.git/annex/objects/FX/MP/MD5E-s254031--fa61a499022d84c21221d5d95a40e951.csv/MD5E-s254031--fa61a499022d84c21221d5d95a40e951.csv