../../../../../.git/annex/objects/7p/69/MD5E-s255224--ad83d3ddecae660204036fc3a9d7b684.csv/MD5E-s255224--ad83d3ddecae660204036fc3a9d7b684.csv