../../../../../.git/annex/objects/4f/MP/MD5E-s275--1c24e2bb0bd4e48c156dc36c34055bdb.csv/MD5E-s275--1c24e2bb0bd4e48c156dc36c34055bdb.csv