../../../../../.git/annex/objects/wp/pq/MD5E-s275--0ac4473da5222596de1de812e7c11bcf.csv/MD5E-s275--0ac4473da5222596de1de812e7c11bcf.csv