../../../../../.git/annex/objects/p7/14/MD5E-s275--8cf3d60fc7c9bcc6c5781b599992391e.csv/MD5E-s275--8cf3d60fc7c9bcc6c5781b599992391e.csv