../../../../../.git/annex/objects/Kg/k5/MD5E-s15626--1c88e55370cafe2ebe1135c757fbd3ab.csv/MD5E-s15626--1c88e55370cafe2ebe1135c757fbd3ab.csv