../../../../../.git/annex/objects/K9/Gx/MD5E-s15626--5674ed3b1accd4417fea92ca8b473db9.csv/MD5E-s15626--5674ed3b1accd4417fea92ca8b473db9.csv