../../../../../.git/annex/objects/wq/6V/MD5E-s275--656b0bba7da86087a30e2de477a3aa55.csv/MD5E-s275--656b0bba7da86087a30e2de477a3aa55.csv