../../../../../.git/annex/objects/Vv/Vx/MD5E-s15626--3ab3b54bd61bef4702043058c78542a2.csv/MD5E-s15626--3ab3b54bd61bef4702043058c78542a2.csv