../../../../../.git/annex/objects/X3/xX/MD5E-s275--3013fb6b0fb41203b98e0a448cb050b7.csv/MD5E-s275--3013fb6b0fb41203b98e0a448cb050b7.csv