../../../../../.git/annex/objects/5V/9v/MD5E-s15626--e70ce70137eab89f268144cc3a375d38.csv/MD5E-s15626--e70ce70137eab89f268144cc3a375d38.csv