../../../../../.git/annex/objects/85/g2/MD5E-s275--2b58c0234a731702122721476bd719f8.csv/MD5E-s275--2b58c0234a731702122721476bd719f8.csv