../../../../../.git/annex/objects/Q0/F8/MD5E-s275--f187d242aa5fc66b2759d3d358771dc3.csv/MD5E-s275--f187d242aa5fc66b2759d3d358771dc3.csv