../../../../../.git/annex/objects/7p/33/MD5E-s275--7f763986161fbb9327fd750fc39494d3.csv/MD5E-s275--7f763986161fbb9327fd750fc39494d3.csv