../../../../../.git/annex/objects/P1/M2/MD5E-s275--469da9e3764b54f11fc6cd865e48be80.csv/MD5E-s275--469da9e3764b54f11fc6cd865e48be80.csv