../../../../../.git/annex/objects/w7/P7/MD5E-s275--ad7f885c7fc4d195247194ad57c2606a.csv/MD5E-s275--ad7f885c7fc4d195247194ad57c2606a.csv