../../../../../.git/annex/objects/xj/Mf/MD5E-s275--b3e4563417f52f232b609ab08c37b4a1.csv/MD5E-s275--b3e4563417f52f232b609ab08c37b4a1.csv