../../../../../.git/annex/objects/kG/Jk/MD5E-s275--54c08ae69ec236160de1fb43ea8ef6b7.csv/MD5E-s275--54c08ae69ec236160de1fb43ea8ef6b7.csv