../../../../../.git/annex/objects/kZ/ZX/MD5E-s15626--daec69cfb64edc5c7bbbb5e8f98b0d05.csv/MD5E-s15626--daec69cfb64edc5c7bbbb5e8f98b0d05.csv