../../../../../.git/annex/objects/z6/q1/MD5E-s275--c279ef35d58976d67800460dc2a09c3b.csv/MD5E-s275--c279ef35d58976d67800460dc2a09c3b.csv