../../../../../.git/annex/objects/Pf/Vj/MD5E-s15626--5eab36aa04efe51b415b61b9c8df908b.csv/MD5E-s15626--5eab36aa04efe51b415b61b9c8df908b.csv