../../../../../.git/annex/objects/gM/x3/MD5E-s275--4b30da53ed64b07a87382df74310a4bf.csv/MD5E-s275--4b30da53ed64b07a87382df74310a4bf.csv