../../../../../.git/annex/objects/4W/jJ/MD5E-s275--9976356f08e36702aeba10740f4c02ca.csv/MD5E-s275--9976356f08e36702aeba10740f4c02ca.csv