../../../../../.git/annex/objects/QG/zP/MD5E-s275--60cb4215c2760db21123fce3561e78fd.csv/MD5E-s275--60cb4215c2760db21123fce3561e78fd.csv