../../../../../.git/annex/objects/xX/wZ/MD5E-s275--fc6d73e56d3a1e4e7bc6f8cf92dc9b9b.csv/MD5E-s275--fc6d73e56d3a1e4e7bc6f8cf92dc9b9b.csv