../../../../../.git/annex/objects/qQ/Gv/MD5E-s137500--6f775e6b6cd64da121a8630c4cf271e9.csv/MD5E-s137500--6f775e6b6cd64da121a8630c4cf271e9.csv